$ANSIBLE_VAULT;1.1;AES256
65393864663033353333393335306330616338393763623732393066373062313032353735343431
6537333131393936393635303938373461623230653231340a663331623733363934666531306236
37616263353162363764643863323939633939396233353238393634666134653563383135363761
3363373035616363640a656331633835356231373965363733303032353037373239313062313334
35373566383764353563386139303334633033393138633935373263383762653331396331623636
38623664373534333734646130363263343265653765336538346661383134373939643266333731
66316437396531616339333631663365313838353862366437663361613437623161643736646266
39363536343237313236356138623539353638623563613534653139643763373465353537356266
61343938646134376466353362623738363037366632613836396461393939386632343434363565
39313162316162343137623630316339313765346138636261316434306638343933303130306665
63386332373739353333333735633763333233323636373131666535336362323130373134646334
65306133353431323466
